 iy  im   date    soi
  1866   1  1866.042      -0.2
  1866   2  1866.125       0.3
  1866   3  1866.208      -0.1
  1866   4  1866.292      -0.7
  1866   5  1866.375      -0.5
  1866   6  1866.458      -0.7
  1866   7  1866.542      -0.8
  1866   8  1866.625       0.5
  1866   9  1866.708      -0.0
  1866  10  1866.792       0.4
  1866  11  1866.875       1.0
  1866  12  1866.958      -0.1
  1867   1  1867.042       0.8
  1867   2  1867.125       0.5
  1867   3  1867.208       0.6
  1867   4  1867.292       0.2
  1867   5  1867.375      -0.1
  1867   6  1867.458      -0.6
  1867   7  1867.542      -0.1
  1867   8  1867.625       0.3
  1867   9  1867.708       0.2
  1867  10  1867.792      -0.3
  1867  11  1867.875      -0.4
  1867  12  1867.958      -0.9
  1868   1  1868.042       0.0
  1868   2  1868.125       0.2
  1868   3  1868.208      -1.1
  1868   4  1868.292      -0.1
  1868   5  1868.375      -1.4
  1868   6  1868.458      -1.5
  1868   7  1868.542      -0.8
  1868   8  1868.625      -1.1
  1868   9  1868.708      -1.0
  1868  10  1868.792      -0.7
  1868  11  1868.875      -1.2
  1868  12  1868.958       0.7
  1869   1  1869.042      -1.8
  1869   2  1869.125       0.3
  1869   3  1869.208       0.3
  1869   4  1869.292       0.7
  1869   5  1869.375       0.5
  1869   6  1869.458       0.4
  1869   7  1869.542       0.8
  1869   8  1869.625       0.6
  1869   9  1869.708       0.2
  1869  10  1869.792       1.0
  1869  11  1869.875       0.4
  1869  12  1869.958       0.2
  1870   1  1870.042       1.0
  1870   2  1870.125       0.6
  1870   3  1870.208      -0.1
  1870   4  1870.292      -0.0
  1870   5  1870.375      -0.5
  1870   6  1870.458      -0.9
  1870   7  1870.542      -0.4
  1870   8  1870.625       0.7
  1870   9  1870.708       0.2
  1870  10  1870.792      -0.1
  1870  11  1870.875      -0.8
  1870  12  1870.958      -1.1
  1871   1  1871.042      -1.0
  1871   2  1871.125       0.5
  1871   3  1871.208      -1.3
  1871   4  1871.292      -0.6
  1871   5  1871.375      -0.8
  1871   6  1871.458      -0.2
  1871   7  1871.542      -0.2
  1871   8  1871.625       0.5
  1871   9  1871.708       0.8
  1871  10  1871.792       0.2
  1871  11  1871.875      -0.1
  1871  12  1871.958       1.1
  1872   1  1872.042       3.0
  1872   2  1872.125       1.7
  1872   3  1872.208       1.7
  1872   4  1872.292      -0.5
  1872   5  1872.375       0.4
  1872   6  1872.458       0.8
  1872   7  1872.542       1.3
  1872   8  1872.625       0.7
  1872   9  1872.708       3.2
  1872  10  1872.792       1.9
  1872  11  1872.875       2.6
  1872  12  1872.958       2.5
  1873   1  1873.042       2.9
  1873   2  1873.125       2.1
  1873   3  1873.208       2.4
  1873   4  1873.292       1.1
  1873   5  1873.375       0.4
  1873   6  1873.458      -1.6
  1873   7  1873.542      -1.1
  1873   8  1873.625      -0.2
  1873   9  1873.708      -1.4
  1873  10  1873.792      -1.2
  1873  11  1873.875      -0.3
  1873  12  1873.958       1.0
  1874   1  1874.042       1.4
  1874   2  1874.125       0.5
  1874   3  1874.208       0.3
  1874   4  1874.292       0.2
  1874   5  1874.375       0.4
  1874   6  1874.458      -1.4
  1874   7  1874.542      -0.6
  1874   8  1874.625       0.9
  1874   9  1874.708       2.2
  1874  10  1874.792       2.2
  1874  11  1874.875       0.4
  1874  12  1874.958       0.9
  1875   1  1875.042       1.1
  1875   2  1875.125       0.4
  1875   3  1875.208      -0.2
  1875   4  1875.292       0.5
  1875   5  1875.375       0.0
  1875   6  1875.458       1.0
  1875   7  1875.542      -1.0
  1875   8  1875.625      -0.1
  1875   9  1875.708       0.8
  1875  10  1875.792       0.9
  1875  11  1875.875      -1.4
  1875  12  1875.958      -0.8
  1876   1  1876.042       1.4
  1876   2  1876.125       1.6
  1876   3  1876.208      -0.0
  1876   4  1876.292       0.1
  1876   5  1876.375       0.0
  1876   6  1876.458       0.8
  1876   7  1876.542      -0.7
  1876   8  1876.625       1.2
  1876   9  1876.708       1.2
  1876  10  1876.792      -0.5
  1876  11  1876.875      -0.5
  1876  12  1876.958      -0.2
  1877   1  1877.042      -0.7
  1877   2  1877.125      -1.1
  1877   3  1877.208      -0.8
  1877   4  1877.292      -2.6
  1877   5  1877.375      -1.7
  1877   6  1877.458      -2.7
  1877   7  1877.542      -1.1
  1877   8  1877.625      -0.6
  1877   9  1877.708      -1.2
  1877  10  1877.792      -1.0
  1877  11  1877.875      -1.1
  1877  12  1877.958      -1.4
  1878   1  1878.042      -0.8
  1878   2  1878.125      -1.9
  1878   3  1878.208      -1.5
  1878   4  1878.292      -1.0
  1878   5  1878.375      -0.4
  1878   6  1878.458      -0.7
  1878   7  1878.542       0.8
  1878   8  1878.625       1.3
  1878   9  1878.708       1.7
  1878  10  1878.792       1.1
  1878  11  1878.875       1.2
  1878  12  1878.958       1.6
  1879   1  1879.042       1.7
  1879   2  1879.125       2.1
  1879   3  1879.208       1.7
  1879   4  1879.292       0.6
  1879   5  1879.375      -0.4
  1879   6  1879.458       0.7
  1879   7  1879.542       1.4
  1879   8  1879.625       1.9
  1879   9  1879.708       2.0
  1879  10  1879.792       1.7
  1879  11  1879.875       0.5
  1879  12  1879.958      -1.0
  1880   1  1880.042       1.2
  1880   2  1880.125       1.5
  1880   3  1880.208       1.7
  1880   4  1880.292       0.2
  1880   5  1880.375       0.4
  1880   6  1880.458       0.3
  1880   7  1880.542      -0.1
  1880   8  1880.625       1.4
  1880   9  1880.708       1.2
  1880  10  1880.792       1.0
  1880  11  1880.875       0.8
  1880  12  1880.958      -0.2
  1881   1  1881.042      -0.6
  1881   2  1881.125      -0.2
  1881   3  1881.208       0.8
  1881   4  1881.292       0.1
  1881   5  1881.375      -0.9
  1881   6  1881.458      -0.8
  1881   7  1881.542      -0.7
  1881   8  1881.625      -0.9
  1881   9  1881.708      -1.0
  1881  10  1881.792      -1.8
  1881  11  1881.875       0.3
  1881  12  1881.958       0.6
  1882   1  1882.042      -0.7
  1882   2  1882.125       0.2
  1882   3  1882.208       0.8
  1882   4  1882.292      -0.5
  1882   5  1882.375      -0.2
  1882   6  1882.458      -1.5
  1882   7  1882.542      -2.5
  1882   8  1882.625      -2.6
  1882   9  1882.708      -1.4
  1882  10  1882.792       0.2
  1882  11  1882.875       0.2
  1882  12  1882.958       0.8
  1883   1  1883.042       1.3
  1883   2  1883.125      -0.7
  1883   3  1883.208      -2.5
  1883   4  1883.292       0.6
  1883   5  1883.375       0.5
  1883   6  1883.458      -0.1
  1883   7  1883.542      -1.5
  1883   8  1883.625      -0.1
  1883   9  1883.708      -0.8
  1883  10  1883.792       0.6
  1883  11  1883.875      -0.1
  1883  12  1883.958      -2.2
  1884   1  1884.042      -1.2
  1884   2  1884.125      -0.2
  1884   3  1884.208       1.3
  1884   4  1884.292      -1.1
  1884   5  1884.375      -0.3
  1884   6  1884.458       0.3
  1884   7  1884.542      -0.7
  1884   8  1884.625      -0.7
  1884   9  1884.708      -0.4
  1884  10  1884.792       0.7
  1884  11  1884.875      -0.2
  1884  12  1884.958      -1.7
  1885   1  1885.042      -1.7
  1885   2  1885.125       0.6
  1885   3  1885.208       1.1
  1885   4  1885.292      -0.2
  1885   5  1885.375      -0.3
  1885   6  1885.458      -1.3
  1885   7  1885.542      -0.6
  1885   8  1885.625      -0.9
  1885   9  1885.708       0.1
  1885  10  1885.792      -1.2
  1885  11  1885.875      -1.1
  1885  12  1885.958       0.5
  1886   1  1886.042       0.5
  1886   2  1886.125       0.4
  1886   3  1886.208       0.8
  1886   4  1886.292      -0.2
  1886   5  1886.375      -0.0
  1886   6  1886.458      -0.2
  1886   7  1886.542       0.0
  1886   8  1886.625       1.0
  1886   9  1886.708       1.4
  1886  10  1886.792       1.5
  1886  11  1886.875       0.7
  1886  12  1886.958       1.0
  1887   1  1887.042       1.8
  1887   2  1887.125       1.4
  1887   3  1887.208       1.3
  1887   4  1887.292       0.1
  1887   5  1887.375      -0.9
  1887   6  1887.458      -0.0
  1887   7  1887.542       0.1
  1887   8  1887.625       0.3
  1887   9  1887.708       0.8
  1887  10  1887.792       1.0
  1887  11  1887.875      -0.5
  1887  12  1887.958       0.7
  1888   1  1888.042      -0.4
  1888   2  1888.125       0.3
  1888   3  1888.208      -0.6
  1888   4  1888.292      -1.9
  1888   5  1888.375      -1.2
  1888   6  1888.458      -1.5
  1888   7  1888.542      -1.8
  1888   8  1888.625      -0.7
  1888   9  1888.708      -0.7
  1888  10  1888.792      -0.9
  1888  11  1888.875      -1.2
  1888  12  1888.958      -0.1
  1889   1  1889.042      -2.6
  1889   2  1889.125       0.6
  1889   3  1889.208      -2.5
  1889   4  1889.292      -0.3
  1889   5  1889.375      -0.6
  1889   6  1889.458       1.1
  1889   7  1889.542      -0.3
  1889   8  1889.625       0.1
  1889   9  1889.708       1.1
  1889  10  1889.792       0.5
  1889  11  1889.875       1.3
  1889  12  1889.958       2.0
  1890   1  1890.042       2.5
  1890   2  1890.125       1.9
  1890   3  1890.208       1.8
  1890   4  1890.292       0.1
  1890   5  1890.375      -0.2
  1890   6  1890.458      -0.1
  1890   7  1890.542      -0.9
  1890   8  1890.625      -0.5
  1890   9  1890.708       0.8
  1890  10  1890.792       0.5
  1890  11  1890.875       0.1
  1890  12  1890.958      -0.1
  1891   1  1891.042       2.2
  1891   2  1891.125      -0.1
  1891   3  1891.208      -0.6
  1891   4  1891.292       0.2
  1891   5  1891.375      -0.2
  1891   6  1891.458      -0.4
  1891   7  1891.542      -0.8
  1891   8  1891.625      -0.4
  1891   9  1891.708      -0.4
  1891  10  1891.792       0.5
  1891  11  1891.875      -0.3
  1891  12  1891.958      -0.4
  1892   1  1892.042       0.6
  1892   2  1892.125      -0.7
  1892   3  1892.208       1.3
  1892   4  1892.292       0.2
  1892   5  1892.375       0.5
  1892   6  1892.458       0.9
  1892   7  1892.542       0.4
  1892   8  1892.625       0.4
  1892   9  1892.708       0.0
  1892  10  1892.792       0.9
  1892  11  1892.875      -0.9
  1892  12  1892.958       0.2
  1893   1  1893.042       1.4
  1893   2  1893.125       1.3
  1893   3  1893.208       1.0
  1893   4  1893.292       0.5
  1893   5  1893.375       0.8
  1893   6  1893.458       0.9
  1893   7  1893.542       1.2
  1893   8  1893.625       0.9
  1893   9  1893.708       1.4
  1893  10  1893.792       0.8
  1893  11  1893.875       0.8
  1893  12  1893.958      -0.5
  1894   1  1894.042       2.3
  1894   2  1894.125       1.7
  1894   3  1894.208       1.2
  1894   4  1894.292       0.3
  1894   5  1894.375      -1.0
  1894   6  1894.458      -0.2
  1894   7  1894.542       0.2
  1894   8  1894.625      -1.4
  1894   9  1894.708       0.1
  1894  10  1894.792       0.7
  1894  11  1894.875      -0.8
  1894  12  1894.958       0.2
  1895   1  1895.042       0.7
  1895   2  1895.125       1.4
  1895   3  1895.208       0.4
  1895   4  1895.292       0.5
  1895   5  1895.375       0.0
  1895   6  1895.458      -1.0
  1895   7  1895.542      -1.2
  1895   8  1895.625      -1.1
  1895   9  1895.708      -0.4
  1895  10  1895.792      -0.4
  1895  11  1895.875      -0.2
  1895  12  1895.958      -1.0
  1896   1  1896.042       1.0
  1896   2  1896.125       1.6
  1896   3  1896.208       0.2
  1896   4  1896.292      -0.5
  1896   5  1896.375      -2.5
  1896   6  1896.458      -2.1
  1896   7  1896.542      -1.8
  1896   8  1896.625      -1.1
  1896   9  1896.708      -0.9
  1896  10  1896.792      -0.6
  1896  11  1896.875      -0.4
  1896  12  1896.958      -0.8
  1897   1  1897.042      -1.0
  1897   2  1897.125      -0.4
  1897   3  1897.208      -1.2
  1897   4  1897.292      -1.5
  1897   5  1897.375      -1.6
  1897   6  1897.458      -0.5
  1897   7  1897.542      -0.4
  1897   8  1897.625       0.2
  1897   9  1897.708       0.2
  1897  10  1897.792       0.5
  1897  11  1897.875      -0.9
  1897  12  1897.958       0.8
  1898   1  1898.042       1.1
  1898   2  1898.125       0.9
  1898   3  1898.208       1.7
  1898   4  1898.292       0.4
  1898   5  1898.375      -0.5
  1898   6  1898.458      -0.7
  1898   7  1898.542       0.2
  1898   8  1898.625       0.7
  1898   9  1898.708       1.0
  1898  10  1898.792       0.5
  1898  11  1898.875      -0.3
  1898  12  1898.958       0.1
  1899   1  1899.042       1.8
  1899   2  1899.125       1.7
  1899   3  1899.208       1.5
  1899   4  1899.292      -0.2
  1899   5  1899.375      -0.9
  1899   6  1899.458      -1.0
  1899   7  1899.542      -0.9
  1899   8  1899.625      -1.0
  1899   9  1899.708       0.1
  1899  10  1899.792       1.2
  1899  11  1899.875       1.6
  1899  12  1899.958      -0.3
  1900   1  1900.042      -0.4
  1900   2  1900.125      -0.1
  1900   3  1900.208      -2.3
  1900   4  1900.292      -1.5
  1900   5  1900.375      -1.0
  1900   6  1900.458       1.5
  1900   7  1900.542       0.4
  1900   8  1900.625       0.4
  1900   9  1900.708      -1.6
  1900  10  1900.792      -1.6
  1900  11  1900.875      -0.7
  1900  12  1900.958      -0.5
  1901   1  1901.042       0.2
  1901   2  1901.125       0.8
  1901   3  1901.208       1.4
  1901   4  1901.292       0.0
  1901   5  1901.375      -0.4
  1901   6  1901.458       1.0
  1901   7  1901.542       1.0
  1901   8  1901.625       1.1
  1901   9  1901.708      -1.3
  1901  10  1901.792      -2.1
  1901  11  1901.875      -0.8
  1901  12  1901.958      -0.3
  1902   1  1902.042       2.4
  1902   2  1902.125       0.4
  1902   3  1902.208       1.7
  1902   4  1902.292       0.4
  1902   5  1902.375       0.6
  1902   6  1902.458      -0.0
  1902   7  1902.542      -0.2
  1902   8  1902.625      -0.7
  1902   9  1902.708      -1.3
  1902  10  1902.792      -0.2
  1902  11  1902.875      -0.1
  1902  12  1902.958      -0.2
  1903   1  1903.042      -0.6
  1903   2  1903.125      -0.6
  1903   3  1903.208       1.9
  1903   4  1903.292       1.0
  1903   5  1903.375       0.3
  1903   6  1903.458      -0.4
  1903   7  1903.542      -0.3
  1903   8  1903.625       0.0
  1903   9  1903.708       0.9
  1903  10  1903.792       0.7
  1903  11  1903.875      -0.1
  1903  12  1903.958       1.4
  1904   1  1904.042       2.0
  1904   2  1904.125       2.3
  1904   3  1904.208       1.2
  1904   4  1904.292       1.6
  1904   5  1904.375       0.2
  1904   6  1904.458      -0.9
  1904   7  1904.542      -1.3
  1904   8  1904.625       0.1
  1904   9  1904.708       0.4
  1904  10  1904.792       0.1
  1904  11  1904.875      -1.5
  1904  12  1904.958       0.3
  1905   1  1905.042      -0.6
  1905   2  1905.125      -1.7
  1905   3  1905.208      -2.6
  1905   4  1905.292      -3.4
  1905   5  1905.375      -3.5
  1905   6  1905.458      -2.8
  1905   7  1905.542      -2.3
  1905   8  1905.625      -0.7
  1905   9  1905.708      -0.5
  1905  10  1905.792      -0.5
  1905  11  1905.875      -1.5
  1905  12  1905.958      -1.6
  1906   1  1906.042      -0.2
  1906   2  1906.125      -0.5
  1906   3  1906.208      -0.0
  1906   4  1906.292      -0.9
  1906   5  1906.375      -1.1
  1906   6  1906.458      -0.8
  1906   7  1906.542      -0.1
  1906   8  1906.625       1.4
  1906   9  1906.708       1.8
  1906  10  1906.792       1.0
  1906  11  1906.875       1.5
  1906  12  1906.958       0.2
  1907   1  1907.042       0.8
  1907   2  1907.125       0.1
  1907   3  1907.208       0.2
  1907   4  1907.292      -0.9
  1907   5  1907.375      -0.8
  1907   6  1907.458      -0.3
  1907   7  1907.542      -0.6
  1907   8  1907.625      -0.9
  1907   9  1907.708       0.2
  1907  10  1907.792      -0.1
  1907  11  1907.875      -0.5
  1907  12  1907.958       0.3
  1908   1  1908.042      -0.5
  1908   2  1908.125       1.4
  1908   3  1908.208      -0.3
  1908   4  1908.292       0.1
  1908   5  1908.375      -0.3
  1908   6  1908.458      -0.7
  1908   7  1908.542       0.8
  1908   8  1908.625       0.3
  1908   9  1908.708       2.2
  1908  10  1908.792       1.0
  1908  11  1908.875       0.1
  1908  12  1908.958      -0.8
  1909   1  1909.042      -0.1
  1909   2  1909.125       0.3
  1909   3  1909.208      -0.2
  1909   4  1909.292      -1.4
  1909   5  1909.375      -0.4
  1909   6  1909.458       1.1
  1909   7  1909.542       0.4
  1909   8  1909.625       0.7
  1909   9  1909.708       0.1
  1909  10  1909.792       0.4
  1909  11  1909.875       0.5
  1909  12  1909.958       0.4
  1910   1  1910.042       0.6
  1910   2  1910.125       2.2
  1910   3  1910.208       1.6
  1910   4  1910.292      -0.3
  1910   5  1910.375      -0.4
  1910   6  1910.458       1.1
  1910   7  1910.542       1.3
  1910   8  1910.625       0.8
  1910   9  1910.708       1.5
  1910  10  1910.792       1.3
  1910  11  1910.875       1.4
  1910  12  1910.958       1.6
  1911   1  1911.042       0.4
  1911   2  1911.125       0.5
  1911   3  1911.208       0.7
  1911   4  1911.292      -0.5
  1911   5  1911.375      -0.9
  1911   6  1911.458      -1.1
  1911   7  1911.542      -1.6
  1911   8  1911.625      -1.1
  1911   9  1911.708      -0.7
  1911  10  1911.792      -0.7
  1911  11  1911.875      -0.7
  1911  12  1911.958      -0.3
  1912   1  1912.042      -0.8
  1912   2  1912.125      -1.4
  1912   3  1912.208      -0.7
  1912   4  1912.292      -1.6
  1912   5  1912.375      -1.2
  1912   6  1912.458      -0.9
  1912   7  1912.542      -0.8
  1912   8  1912.625      -0.8
  1912   9  1912.708      -0.4
  1912  10  1912.792      -0.4
  1912  11  1912.875       0.1
  1912  12  1912.958      -0.9
  1913   1  1913.042      -0.2
  1913   2  1913.125      -0.1
  1913   3  1913.208       0.2
  1913   4  1913.292      -0.9
  1913   5  1913.375      -0.8
  1913   6  1913.458      -0.6
  1913   7  1913.542      -0.4
  1913   8  1913.625      -0.8
  1913   9  1913.708      -0.6
  1913  10  1913.792      -0.4
  1913  11  1913.875      -1.0
  1913  12  1913.958      -0.9
  1914   1  1914.042       0.0
  1914   2  1914.125       1.1
  1914   3  1914.208       1.3
  1914   4  1914.292      -1.6
  1914   5  1914.375      -1.3
  1914   6  1914.458      -1.8
  1914   7  1914.542      -1.3
  1914   8  1914.625      -1.0
  1914   9  1914.708      -1.0
  1914  10  1914.792       0.0
  1914  11  1914.875      -0.2
  1914  12  1914.958       0.4
  1915   1  1915.042      -2.7
  1915   2  1915.125       0.0
  1915   3  1915.208      -1.6
  1915   4  1915.292      -1.2
  1915   5  1915.375       0.5
  1915   6  1915.458       1.3
  1915   7  1915.542       1.7
  1915   8  1915.625       1.3
  1915   9  1915.708       1.4
  1915  10  1915.792       1.1
  1915  11  1915.875      -1.7
  1915  12  1915.958       0.7
  1916   1  1916.042       0.7
  1916   2  1916.125      -0.1
  1916   3  1916.208      -0.6
  1916   4  1916.292      -0.3
  1916   5  1916.375      -0.3
  1916   6  1916.458      -0.1
  1916   7  1916.542       1.7
  1916   8  1916.625       1.4
  1916   9  1916.708       0.4
  1916  10  1916.792       0.6
  1916  11  1916.875       0.6
  1916  12  1916.958       1.0
  1917   1  1917.042       0.9
  1917   2  1917.125       2.1
  1917   3  1917.208       2.0
  1917   4  1917.292       1.1
  1917   5  1917.375       1.2
  1917   6  1917.458       1.0
  1917   7  1917.542       1.7
  1917   8  1917.625       2.9
  1917   9  1917.708       3.1
  1917  10  1917.792       1.7
  1917  11  1917.875       1.6
  1917  12  1917.958       2.2
  1918   1  1918.042       2.0
  1918   2  1918.125       2.4
  1918   3  1918.208       0.2
  1918   4  1918.292       0.9
  1918   5  1918.375       0.3
  1918   6  1918.458      -0.8
  1918   7  1918.542      -1.7
  1918   8  1918.625      -0.3
  1918   9  1918.708      -0.1
  1918  10  1918.792      -0.1
  1918  11  1918.875      -0.0
  1918  12  1918.958      -0.9
  1919   1  1919.042      -1.6
  1919   2  1919.125      -0.6
  1919   3  1919.208      -1.1
  1919   4  1919.292      -0.6
  1919   5  1919.375      -1.2
  1919   6  1919.458      -1.2
  1919   7  1919.542      -1.3
  1919   8  1919.625      -0.7
  1919   9  1919.708      -0.2
  1919  10  1919.792      -0.7
  1919  11  1919.875      -1.0
  1919  12  1919.958      -1.1
  1920   1  1920.042       0.2
  1920   2  1920.125       0.2
  1920   3  1920.208      -0.0
  1920   4  1920.292      -0.5
  1920   5  1920.375      -0.8
  1920   6  1920.458      -0.4
  1920   7  1920.542       0.0
  1920   8  1920.625       0.2
  1920   9  1920.708       0.6
  1920  10  1920.792      -0.3
  1920  11  1920.875      -0.2
  1920  12  1920.958       0.6
  1921   1  1921.042       1.5
  1921   2  1921.125       1.2
  1921   3  1921.208       1.4
  1921   4  1921.292      -1.0
  1921   5  1921.375      -0.4
  1921   6  1921.458       1.8
  1921   7  1921.542      -0.3
  1921   8  1921.625      -0.6
  1921   9  1921.708       0.7
  1921  10  1921.792       1.3
  1921  11  1921.875       0.6
  1921  12  1921.958       0.6
  1922   1  1922.042       1.1
  1922   2  1922.125       1.3
  1922   3  1922.208       0.7
  1922   4  1922.292      -0.8
  1922   5  1922.375      -1.1
  1922   6  1922.458      -0.3
  1922   7  1922.542      -0.4
  1922   8  1922.625      -0.1
  1922   9  1922.708       0.6
  1922  10  1922.792       0.8
  1922  11  1922.875       0.7
  1922  12  1922.958       1.0
  1923   1  1923.042       0.7
  1923   2  1923.125       0.9
  1923   3  1923.208       1.0
  1923   4  1923.292      -0.0
  1923   5  1923.375      -0.5
  1923   6  1923.458      -0.6
  1923   7  1923.542      -1.4
  1923   8  1923.625      -1.5
  1923   9  1923.708      -1.2
  1923  10  1923.792      -0.2
  1923  11  1923.875      -1.2
  1923  12  1923.958       0.1
  1924   1  1924.042      -0.2
  1924   2  1924.125       0.6
  1924   3  1924.208       0.6
  1924   4  1924.292      -1.5
  1924   5  1924.375       0.3
  1924   6  1924.458       0.1
  1924   7  1924.542       0.3
  1924   8  1924.625       1.1
  1924   9  1924.708       1.0
  1924  10  1924.792       0.8
  1924  11  1924.875       0.9
  1924  12  1924.958       0.2
  1925   1  1925.042       0.8
  1925   2  1925.125       1.8
  1925   3  1925.208       1.4
  1925   4  1925.292       0.3
  1925   5  1925.375      -0.7
  1925   6  1925.458      -0.8
  1925   7  1925.542      -1.6
  1925   8  1925.625      -1.1
  1925   9  1925.708      -0.2
  1925  10  1925.792      -1.0
  1925  11  1925.875      -0.8
  1925  12  1925.958      -0.9
  1926   1  1926.042      -0.5
  1926   2  1926.125      -1.1
  1926   3  1926.208      -0.9
  1926   4  1926.292      -0.8
  1926   5  1926.375      -0.6
  1926   6  1926.458      -0.9
  1926   7  1926.542      -0.6
  1926   8  1926.625      -0.8
  1926   9  1926.708       0.3
  1926  10  1926.792       0.5
  1926  11  1926.875       0.1
  1926  12  1926.958       0.4
  1927   1  1927.042       0.7
  1927   2  1927.125       0.6
  1927   3  1927.208       2.2
  1927   4  1927.292       0.1
  1927   5  1927.375      -0.0
  1927   6  1927.458       0.2
  1927   7  1927.542      -0.4
  1927   8  1927.625      -0.6
  1927   9  1927.708       0.3
  1927  10  1927.792      -0.1
  1927  11  1927.875      -0.8
  1927  12  1927.958       0.8
  1928   1  1928.042      -0.5
  1928   2  1928.125       1.7
  1928   3  1928.208       1.6
  1928   4  1928.292       0.5
  1928   5  1928.375      -0.5
  1928   6  1928.458      -0.9
  1928   7  1928.542      -0.5
  1928   8  1928.625       1.0
  1928   9  1928.708       1.1
  1928  10  1928.792       1.0
  1928  11  1928.875       0.2
  1928  12  1928.958       1.2
  1929   1  1929.042       1.6
  1929   2  1929.125       2.4
  1929   3  1929.208       0.9
  1929   4  1929.292      -0.0
  1929   5  1929.375      -1.3
  1929   6  1929.458      -0.1
  1929   7  1929.542      -0.0
  1929   8  1929.625       0.0
  1929   9  1929.708       0.3
  1929  10  1929.792       1.1
  1929  11  1929.875       0.8
  1929  12  1929.958       0.4
  1930   1  1930.042       1.6
  1930   2  1930.125       1.3
  1930   3  1930.208       0.5
  1930   4  1930.292      -0.4
  1930   5  1930.375      -0.2
  1930   6  1930.458      -0.8
  1930   7  1930.542      -0.8
  1930   8  1930.625      -0.1
  1930   9  1930.708      -0.3
  1930  10  1930.792       1.0
  1930  11  1930.875       0.5
  1930  12  1930.958      -0.3
  1931   1  1931.042       1.3
  1931   2  1931.125      -1.1
  1931   3  1931.208       1.1
  1931   4  1931.292       0.3
  1931   5  1931.375       0.7
  1931   6  1931.458       1.0
  1931   7  1931.542       0.5
  1931   8  1931.625      -0.5
  1931   9  1931.708       0.4
  1931  10  1931.792      -0.4
  1931  11  1931.875      -0.4
  1931  12  1931.958       0.8
  1932   1  1932.042       0.4
  1932   2  1932.125       0.3
  1932   3  1932.208      -0.4
  1932   4  1932.292      -2.0
  1932   5  1932.375      -0.3
  1932   6  1932.458      -0.5
  1932   7  1932.542      -1.9
  1932   8  1932.625      -0.6
  1932   9  1932.708      -0.9
  1932  10  1932.792      -0.3
  1932  11  1932.875      -0.5
  1932  12  1932.958       0.0
  1933   1  1933.042      -1.1
  1933   2  1933.125       0.7
  1933   3  1933.208      -0.1
  1933   4  1933.292      -0.1
  1933   5  1933.375       0.0
  1933   6  1933.458      -0.8
  1933   7  1933.542      -0.2
  1933   8  1933.625      -0.1
  1933   9  1933.708       0.5
  1933  10  1933.792       0.4
  1933  11  1933.875       0.4
  1933  12  1933.958       0.7
  1934   1  1934.042       1.0
  1934   2  1934.125       0.7
  1934   3  1934.208       0.2
  1934   4  1934.292      -0.0
  1934   5  1934.375      -0.9
  1934   6  1934.458       0.4
  1934   7  1934.542      -0.3
  1934   8  1934.625      -2.2
  1934   9  1934.708      -0.4
  1934  10  1934.792       0.7
  1934  11  1934.875       1.0
  1934  12  1934.958      -0.4
  1935   1  1935.042       0.9
  1935   2  1935.125       0.0
  1935   3  1935.208       1.4
  1935   4  1935.292      -0.1
  1935   5  1935.375      -0.7
  1935   6  1935.458      -0.5
  1935   7  1935.542      -0.5
  1935   8  1935.625       0.3
  1935   9  1935.708       0.6
  1935  10  1935.792       0.9
  1935  11  1935.875       0.2
  1935  12  1935.958      -0.5
  1936   1  1936.042       0.1
  1936   2  1936.125       0.5
  1936   3  1936.208       0.4
  1936   4  1936.292       0.0
  1936   5  1936.375      -0.3
  1936   6  1936.458      -0.6
  1936   7  1936.542      -0.2
  1936   8  1936.625      -1.0
  1936   9  1936.708       0.3
  1936  10  1936.792       0.3
  1936  11  1936.875      -1.3
  1936  12  1936.958      -0.2
  1937   1  1937.042       1.2
  1937   2  1937.125      -0.0
  1937   3  1937.208       0.7
  1937   4  1937.292      -0.3
  1937   5  1937.375      -0.4
  1937   6  1937.458      -0.2
  1937   7  1937.542      -0.9
  1937   8  1937.625       0.2
  1937   9  1937.708       0.4
  1937  10  1937.792      -0.0
  1937  11  1937.875      -0.6
  1937  12  1937.958       0.5
  1938   1  1938.042       0.9
  1938   2  1938.125       0.8
  1938   3  1938.208      -0.0
  1938   4  1938.292      -0.1
  1938   5  1938.375       0.3
  1938   6  1938.458       0.8
  1938   7  1938.542       1.1
  1938   8  1938.625       0.9
  1938   9  1938.708       1.1
  1938  10  1938.792       1.7
  1938  11  1938.875      -0.2
  1938  12  1938.958       1.5
  1939   1  1939.042       2.1
  1939   2  1939.125       1.2
  1939   3  1939.208       1.3
  1939   4  1939.292       0.3
  1939   5  1939.375      -0.5
  1939   6  1939.458      -0.5
  1939   7  1939.542       0.3
  1939   8  1939.625      -0.4
  1939   9  1939.708      -0.6
  1939  10  1939.792      -1.2
  1939  11  1939.875      -0.9
  1939  12  1939.958      -0.9
  1940   1  1940.042       0.1
  1940   2  1940.125      -0.2
  1940   3  1940.208      -0.7
  1940   4  1940.292      -0.8
  1940   5  1940.375      -1.4
  1940   6  1940.458      -1.7
  1940   7  1940.542      -1.8
  1940   8  1940.625      -1.6
  1940   9  1940.708      -1.4
  1940  10  1940.792      -0.9
  1940  11  1940.875      -0.7
  1940  12  1940.958      -2.1
  1941   1  1941.042      -0.7
  1941   2  1941.125      -1.0
  1941   3  1941.208      -0.8
  1941   4  1941.292      -1.0
  1941   5  1941.375      -1.0
  1941   6  1941.458      -1.3
  1941   7  1941.542      -2.0
  1941   8  1941.625      -1.6
  1941   9  1941.708      -0.5
  1941  10  1941.792      -1.6
  1941  11  1941.875      -1.0
  1941  12  1941.958      -0.9
  1942   1  1942.042      -1.0
  1942   2  1942.125      -0.2
  1942   3  1942.208      -0.2
  1942   4  1942.292      -0.6
  1942   5  1942.375      -0.3
  1942   6  1942.458       0.1
  1942   7  1942.542      -0.5
  1942   8  1942.625       0.2
  1942   9  1942.708       0.9
  1942  10  1942.792       0.9
  1942  11  1942.875      -0.7
  1942  12  1942.958       1.5
  1943   1  1943.042       1.5
  1943   2  1943.125       1.4
  1943   3  1943.208       0.7
  1943   4  1943.292       0.5
  1943   5  1943.375      -0.3
  1943   6  1943.458      -0.9
  1943   7  1943.542      -0.3
  1943   8  1943.625       0.5
  1943   9  1943.708       0.6
  1943  10  1943.792       1.0
  1943  11  1943.875       0.1
  1943  12  1943.958      -1.1
  1944   1  1944.042      -0.7
  1944   2  1944.125       1.0
  1944   3  1944.208       0.9
  1944   4  1944.292      -0.6
  1944   5  1944.375      -0.4
  1944   6  1944.458      -0.6
  1944   7  1944.542      -1.1
  1944   8  1944.625       0.4
  1944   9  1944.708       0.6
  1944  10  1944.792      -0.5
  1944  11  1944.875      -0.8
  1944  12  1944.958       0.2
  1945   1  1945.042       1.0
  1945   2  1945.125       1.2
  1945   3  1945.208       1.4
  1945   4  1945.292      -0.7
  1945   5  1945.375      -0.4
  1945   6  1945.458       0.1
  1945   7  1945.542      -0.0
  1945   8  1945.625       1.0
  1945   9  1945.708       1.1
  1945  10  1945.792       0.6
  1945  11  1945.875      -0.4
  1945  12  1945.958       0.7
  1946   1  1946.042      -0.1
  1946   2  1946.125       0.7
  1946   3  1946.208       0.2
  1946   4  1946.292      -0.9
  1946   5  1946.375      -1.3
  1946   6  1946.458      -1.0
  1946   7  1946.542      -1.3
  1946   8  1946.625      -0.4
  1946   9  1946.708      -1.4
  1946  10  1946.792      -0.8
  1946  11  1946.875      -0.2
  1946  12  1946.958      -0.8
  1947   1  1947.042      -0.2
  1947   2  1947.125      -0.2
  1947   3  1947.208       1.5
  1947   4  1947.292      -0.7
  1947   5  1947.375      -1.3
  1947   6  1947.458      -0.2
  1947   7  1947.542       0.5
  1947   8  1947.625       0.4
  1947   9  1947.708       1.3
  1947  10  1947.792       0.0
  1947  11  1947.875       0.6
  1947  12  1947.958       0.4
  1948   1  1948.042       0.1
  1948   2  1948.125       0.0
  1948   3  1948.208      -0.3
  1948   4  1948.292      -0.3
  1948   5  1948.375      -0.2
  1948   6  1948.458      -0.8
  1948   7  1948.542      -0.5
  1948   8  1948.625      -0.6
  1948   9  1948.708      -0.6
  1948  10  1948.792       0.8
  1948  11  1948.875       0.0
  1948  12  1948.958      -0.8
  1949   1  1949.042      -0.5
  1949   2  1949.125       0.4
  1949   3  1949.208       0.6
  1949   4  1949.292      -0.1
  1949   5  1949.375      -0.9
  1949   6  1949.458      -1.2
  1949   7  1949.542      -0.6
  1949   8  1949.625      -0.4
  1949   9  1949.708       0.4
  1949  10  1949.792       0.6
  1949  11  1949.875      -0.7
  1949  12  1949.958       0.4
  1950   1  1950.042       0.6
  1950   2  1950.125       2.2
  1950   3  1950.208       2.1
  1950   4  1950.292       0.5
  1950   5  1950.375      -0.1
  1950   6  1950.458       1.3
  1950   7  1950.542       1.4
  1950   8  1950.625       1.0
  1950   9  1950.708       0.9
  1950  10  1950.792       1.8
  1950  11  1950.875       0.5
  1950  12  1950.958       2.1
  1951   1  1951.042       1.8
  1951   2  1951.125       0.9
  1951   3  1951.208      -0.5
  1951   4  1951.292      -1.0
  1951   5  1951.375      -1.3
  1951   6  1951.458      -0.9
  1951   7  1951.542      -1.7
  1951   8  1951.625      -0.5
  1951   9  1951.708      -0.9
  1951  10  1951.792      -0.9
  1951  11  1951.875      -0.9
  1951  12  1951.958      -0.7
  1952   1  1952.042      -0.8
  1952   2  1952.125      -0.4
  1952   3  1952.208       0.5
  1952   4  1952.292      -0.7
  1952   5  1952.375      -0.0
  1952   6  1952.458       0.1
  1952   7  1952.542       0.0
  1952   8  1952.625      -0.3
  1952   9  1952.708      -0.0
  1952  10  1952.792       0.4
  1952  11  1952.875      -0.4
  1952  12  1952.958      -1.4
  1953   1  1953.042       0.7
  1953   2  1953.125      -0.3
  1953   3  1953.208      -0.4
  1953   4  1953.292      -0.5
  1953   5  1953.375      -2.3
  1953   6  1953.458      -0.6
  1953   7  1953.542      -0.4
  1953   8  1953.625      -1.7
  1953   9  1953.708      -1.0
  1953  10  1953.792       0.2
  1953  11  1953.875      -0.3
  1953  12  1953.958      -0.5
  1954   1  1954.042       0.7
  1954   2  1954.125      -0.0
  1954   3  1954.208       0.1
  1954   4  1954.292      -0.3
  1954   5  1954.375      -0.4
  1954   6  1954.458      -0.7
  1954   7  1954.542      -0.3
  1954   8  1954.625       0.7
  1954   9  1954.708       0.4
  1954  10  1954.792       0.4
  1954  11  1954.875       0.1
  1954  12  1954.958       1.3
  1955   1  1955.042       0.0
  1955   2  1955.125       1.8
  1955   3  1955.208       0.3
  1955   4  1955.292      -0.9
  1955   5  1955.375       0.1
  1955   6  1955.458       0.4
  1955   7  1955.542       1.0
  1955   8  1955.625       1.1
  1955   9  1955.708       1.5
  1955  10  1955.792       1.6
  1955  11  1955.875       1.1
  1955  12  1955.958       1.1
  1956   1  1956.042       1.4
  1956   2  1956.125       1.7
  1956   3  1956.208       1.2
  1956   4  1956.292       0.2
  1956   5  1956.375       0.5
  1956   6  1956.458       0.3
  1956   7  1956.542       0.3
  1956   8  1956.625       0.8
  1956   9  1956.708       0.2
  1956  10  1956.792       2.0
  1956  11  1956.875       0.1
  1956  12  1956.958       0.7
  1957   1  1957.042       1.0
  1957   2  1957.125       0.0
  1957   3  1957.208       0.0
  1957   4  1957.292      -0.3
  1957   5  1957.375      -1.3
  1957   6  1957.458      -0.6
  1957   7  1957.542      -0.3
  1957   8  1957.625      -0.8
  1957   9  1957.708      -0.6
  1957  10  1957.792       0.4
  1957  11  1957.875      -1.0
  1957  12  1957.958      -0.4
  1958   1  1958.042      -1.5
  1958   2  1958.125      -0.3
  1958   3  1958.208       0.2
  1958   4  1958.292      -0.3
  1958   5  1958.375      -1.4
  1958   6  1958.458      -0.6
  1958   7  1958.542      -0.3
  1958   8  1958.625       0.5
  1958   9  1958.708      -0.3
  1958  10  1958.792      -0.1
  1958  11  1958.875      -0.6
  1958  12  1958.958      -0.7
  1959   1  1959.042      -0.9
  1959   2  1959.125      -1.0
  1959   3  1959.208       1.1
  1959   4  1959.292      -0.3
  1959   5  1959.375      -0.3
  1959   6  1959.458      -0.8
  1959   7  1959.542      -0.8
  1959   8  1959.625      -0.4
  1959   9  1959.708       0.2
  1959  10  1959.792       0.7
  1959  11  1959.875       0.7
  1959  12  1959.958       0.6
  1960   1  1960.042       0.4
  1960   2  1960.125       0.3
  1960   3  1960.208       0.9
  1960   4  1960.292       0.1
  1960   5  1960.375      -0.4
  1960   6  1960.458      -0.6
  1960   7  1960.542      -0.1
  1960   8  1960.625       0.5
  1960   9  1960.708       0.7
  1960  10  1960.792       0.3
  1960  11  1960.875       0.5
  1960  12  1960.958       0.7
  1961   1  1961.042       0.1
  1961   2  1961.125       1.2
  1961   3  1961.208      -1.9
  1961   4  1961.292       0.2
  1961   5  1961.375      -0.4
  1961   6  1961.458      -0.6
  1961   7  1961.542      -0.3
  1961   8  1961.625      -0.1
  1961   9  1961.708       0.3
  1961  10  1961.792      -0.3
  1961  11  1961.875       0.6
  1961  12  1961.958       1.5
  1962   1  1962.042       2.3
  1962   2  1962.125       0.0
  1962   3  1962.208       0.1
  1962   4  1962.292      -0.3
  1962   5  1962.375       0.3
  1962   6  1962.458      -0.1
  1962   7  1962.542      -0.7
  1962   8  1962.625       0.5
  1962   9  1962.708       0.5
  1962  10  1962.792       1.1
  1962  11  1962.875       0.1
  1962  12  1962.958       0.1
  1963   1  1963.042       1.4
  1963   2  1963.125       1.2
  1963   3  1963.208       0.9
  1963   4  1963.292       0.1
  1963   5  1963.375      -0.5
  1963   6  1963.458      -1.2
  1963   7  1963.542      -0.6
  1963   8  1963.625      -0.5
  1963   9  1963.708      -0.3
  1963  10  1963.792      -0.9
  1963  11  1963.875      -0.7
  1963  12  1963.958      -1.2
  1964   1  1964.042      -0.0
  1964   2  1964.125       0.3
  1964   3  1964.208       1.0
  1964   4  1964.292       0.6
  1964   5  1964.375      -0.6
  1964   6  1964.458      -0.0
  1964   7  1964.542      -0.2
  1964   8  1964.625       1.3
  1964   9  1964.708       1.3
  1964  10  1964.792       1.4
  1964  11  1964.875      -0.1
  1964  12  1964.958      -0.5
  1965   1  1965.042      -0.3
  1965   2  1965.125       0.5
  1965   3  1965.208       0.5
  1965   4  1965.292      -0.9
  1965   5  1965.375      -0.5
  1965   6  1965.458      -1.1
  1965   7  1965.542      -2.1
  1965   8  1965.625      -0.9
  1965   9  1965.708      -1.0
  1965  10  1965.792      -0.5
  1965  11  1965.875      -1.5
  1965  12  1965.958      -0.1
  1966   1  1966.042      -1.1
  1966   2  1966.125      -0.1
  1966   3  1966.208      -1.1
  1966   4  1966.292      -0.8
  1966   5  1966.375      -0.9
  1966   6  1966.458      -0.2
  1966   7  1966.542      -0.5
  1966   8  1966.625       0.4
  1966   9  1966.708      -0.0
  1966  10  1966.792       0.1
  1966  11  1966.875      -0.1
  1966  12  1966.958      -0.5
  1967   1  1967.042       1.9
  1967   2  1967.125       1.9
  1967   3  1967.208       1.1
  1967   4  1967.292      -0.4
  1967   5  1967.375      -0.8
  1967   6  1967.458       0.0
  1967   7  1967.542      -0.4
  1967   8  1967.625       0.5
  1967   9  1967.708       1.0
  1967  10  1967.792       0.2
  1967  11  1967.875      -0.6
  1967  12  1967.958      -0.7
  1968   1  1968.042       0.3
  1968   2  1968.125       1.4
  1968   3  1968.208       0.0
  1968   4  1968.292      -0.6
  1968   5  1968.375       0.4
  1968   6  1968.458       0.5
  1968   7  1968.542       0.1
  1968   8  1968.625      -0.1
  1968   9  1968.708      -0.0
  1968  10  1968.792       0.1
  1968  11  1968.875      -0.3
  1968  12  1968.958       0.1
  1969   1  1969.042      -1.7
  1969   2  1969.125      -0.6
  1969   3  1969.208       0.4
  1969   4  1969.292      -0.7
  1969   5  1969.375      -1.0
  1969   6  1969.458      -0.5
  1969   7  1969.542      -1.0
  1969   8  1969.625      -0.4
  1969   9  1969.708      -1.0
  1969  10  1969.792      -0.8
  1969  11  1969.875      -0.1
  1969  12  1969.958       0.2
  1970   1  1970.042      -0.7
  1970   2  1970.125      -0.9
  1970   3  1970.208       0.4
  1970   4  1970.292      -0.6
  1970   5  1970.375      -0.4
  1970   6  1970.458       0.2
  1970   7  1970.542      -0.8
  1970   8  1970.625       0.2
  1970   9  1970.708       1.1
  1970  10  1970.792       0.9
  1970  11  1970.875       1.5
  1970  12  1970.958       1.6
  1971   1  1971.042       0.5
  1971   2  1971.125       2.1
  1971   3  1971.208       2.2
  1971   4  1971.292       1.1
  1971   5  1971.375       0.1
  1971   6  1971.458      -0.1
  1971   7  1971.542      -0.4
  1971   8  1971.625       1.2
  1971   9  1971.708       1.6
  1971  10  1971.792       1.9
  1971  11  1971.875       0.4
  1971  12  1971.958      -0.2
  1972   1  1972.042       0.6
  1972   2  1972.125       1.1
  1972   3  1972.208       0.3
  1972   4  1972.292      -0.5
  1972   5  1972.375      -2.0
  1972   6  1972.458      -1.3
  1972   7  1972.542      -2.1
  1972   8  1972.625      -0.7
  1972   9  1972.708      -1.0
  1972  10  1972.792      -0.5
  1972  11  1972.875      -0.3
  1972  12  1972.958      -1.2
  1973   1  1973.042       0.1
  1973   2  1973.125      -1.1
  1973   3  1973.208       0.4
  1973   4  1973.292      -0.6
  1973   5  1973.375      -0.3
  1973   6  1973.458       0.2
  1973   7  1973.542      -0.0
  1973   8  1973.625       0.9
  1973   9  1973.708       1.5
  1973  10  1973.792       0.9
  1973  11  1973.875       2.3
  1973  12  1973.958       1.8
  1974   1  1974.042       2.5
  1974   2  1974.125       2.1
  1974   3  1974.208       2.2
  1974   4  1974.292       0.3
  1974   5  1974.375       0.4
  1974   6  1974.458      -0.3
  1974   7  1974.542       0.7
  1974   8  1974.625       0.4
  1974   9  1974.708       1.3
  1974  10  1974.792       1.0
  1974  11  1974.875      -0.5
  1974  12  1974.958      -0.2
  1975   1  1975.042      -0.4
  1975   2  1975.125       1.2
  1975   3  1975.208       1.4
  1975   4  1975.292       0.4
  1975   5  1975.375      -0.1
  1975   6  1975.458       0.5
  1975   7  1975.542       1.4
  1975   8  1975.625       1.7
  1975   9  1975.708       2.3
  1975  10  1975.792       1.7
  1975  11  1975.875       1.1
  1975  12  1975.958       1.9
  1976   1  1976.042       1.6
  1976   2  1976.125       1.9
  1976   3  1976.208       1.4
  1976   4  1976.292      -0.2
  1976   5  1976.375      -0.1
  1976   6  1976.458      -0.4
  1976   7  1976.542      -1.4
  1976   8  1976.625      -1.0
  1976   9  1976.708      -0.9
  1976  10  1976.792       0.5
  1976  11  1976.875       0.5
  1976  12  1976.958      -0.8
  1977   1  1977.042      -0.4
  1977   2  1977.125       1.4
  1977   3  1977.208      -0.8
  1977   4  1977.292      -1.2
  1977   5  1977.375      -1.3
  1977   6  1977.458      -1.6
  1977   7  1977.542      -1.8
  1977   8  1977.625      -1.1
  1977   9  1977.708      -0.5
  1977  10  1977.792      -0.7
  1977  11  1977.875      -1.3
  1977  12  1977.958      -1.2
  1978   1  1978.042       0.3
  1978   2  1978.125      -2.5
  1978   3  1978.208      -0.0
  1978   4  1978.292      -0.8
  1978   5  1978.375       0.5
  1978   6  1978.458      -0.3
  1978   7  1978.542      -0.3
  1978   8  1978.625      -0.1
  1978   9  1978.708       0.2
  1978  10  1978.792      -0.3
  1978  11  1978.875      -0.0
  1978  12  1978.958      -0.2
  1979   1  1979.042      -0.4
  1979   2  1979.125       1.4
  1979   3  1979.208      -0.1
  1979   4  1979.292      -0.7
  1979   5  1979.375      -0.1
  1979   6  1979.458       0.0
  1979   7  1979.542       0.5
  1979   8  1979.625      -0.4
  1979   9  1979.708       0.3
  1979  10  1979.792       0.1
  1979  11  1979.875      -0.6
  1979  12  1979.958      -0.8
  1980   1  1980.042       0.6
  1980   2  1980.125       0.5
  1980   3  1980.208      -0.9
  1980   4  1980.292      -1.3
  1980   5  1980.375      -0.7
  1980   6  1980.458      -0.8
  1980   7  1980.542      -0.6
  1980   8  1980.625       0.2
  1980   9  1980.708      -0.2
  1980  10  1980.792       0.1
  1980  11  1980.875      -0.4
  1980  12  1980.958      -0.3
  1981   1  1981.042       0.3
  1981   2  1981.125      -0.1
  1981   3  1981.208      -1.2
  1981   4  1981.292      -0.7
  1981   5  1981.375       0.1
  1981   6  1981.458       0.5
  1981   7  1981.542       0.1
  1981   8  1981.625       0.4
  1981   9  1981.708       0.5
  1981  10  1981.792      -0.2
  1981  11  1981.875      -0.0
  1981  12  1981.958       0.5
  1982   1  1982.042       1.6
  1982   2  1982.125       0.6
  1982   3  1982.208       0.4
  1982   4  1982.292      -0.4
  1982   5  1982.375      -1.0
  1982   6  1982.458      -1.7
  1982   7  1982.542      -2.0
  1982   8  1982.625      -2.0
  1982   9  1982.708      -1.4
  1982  10  1982.792      -1.5
  1982  11  1982.875      -2.7
  1982  12  1982.958      -2.4
  1983   1  1983.042      -3.2
  1983   2  1983.125      -3.3
  1983   3  1983.208      -2.5
  1983   4  1983.292      -1.6
  1983   5  1983.375       0.1
  1983   6  1983.458      -0.5
  1983   7  1983.542      -1.0
  1983   8  1983.625       0.1
  1983   9  1983.708       1.3
  1983  10  1983.792       0.6
  1983  11  1983.875      -0.0
  1983  12  1983.958       0.1
  1984   1  1984.042       0.6
  1984   2  1984.125       0.9
  1984   3  1984.208      -0.4
  1984   4  1984.292      -0.1
  1984   5  1984.375      -0.5
  1984   6  1984.458      -1.0
  1984   7  1984.542      -0.3
  1984   8  1984.625       0.0
  1984   9  1984.708       0.3
  1984  10  1984.792      -0.1
  1984  11  1984.875       0.3
  1984  12  1984.958      -0.8
  1985   1  1985.042       0.1
  1985   2  1985.125       1.4
  1985   3  1985.208       0.3
  1985   4  1985.292       0.3
  1985   5  1985.375      -0.6
  1985   6  1985.458      -1.2
  1985   7  1985.542      -0.6
  1985   8  1985.625       0.7
  1985   9  1985.708       0.1
  1985  10  1985.792      -0.3
  1985  11  1985.875      -0.4
  1985  12  1985.958       0.2
  1986   1  1986.042       1.0
  1986   2  1986.125      -1.0
  1986   3  1986.208       0.5
  1986   4  1986.292      -0.3
  1986   5  1986.375      -0.9
  1986   6  1986.458       0.1
  1986   7  1986.542      -0.3
  1986   8  1986.625      -1.0
  1986   9  1986.708      -0.3
  1986  10  1986.792       0.9
  1986  11  1986.875      -1.4
  1986  12  1986.958      -1.3
  1987   1  1987.042      -0.4
  1987   2  1987.125      -1.1
  1987   3  1987.208      -1.0
  1987   4  1987.292      -1.8
  1987   5  1987.375      -1.9
  1987   6  1987.458      -1.9
  1987   7  1987.542      -1.8
  1987   8  1987.625      -1.1
  1987   9  1987.708      -0.7
  1987  10  1987.792      -0.2
  1987  11  1987.875      -0.1
  1987  12  1987.958      -0.6
  1988   1  1988.042       0.4
  1988   2  1988.125      -0.3
  1988   3  1988.208       0.3
  1988   4  1988.292      -0.3
  1988   5  1988.375       0.3
  1988   6  1988.458      -0.3
  1988   7  1988.542       0.6
  1988   8  1988.625       1.4
  1988   9  1988.708       2.0
  1988  10  1988.792       1.4
  1988  11  1988.875       1.6
  1988  12  1988.958       1.1
  1989   1  1989.042       1.8
  1989   2  1989.125       1.7
  1989   3  1989.208       1.0
  1989   4  1989.292       0.8
  1989   5  1989.375       0.5
  1989   6  1989.458       0.2
  1989   7  1989.542       0.2
  1989   8  1989.625      -0.6
  1989   9  1989.708       0.7
  1989  10  1989.792       0.8
  1989  11  1989.875      -0.4
  1989  12  1989.958      -0.4
  1990   1  1990.042       0.2
  1990   2  1990.125      -1.2
  1990   3  1990.208      -0.6
  1990   4  1990.292      -0.4
  1990   5  1990.375       0.5
  1990   6  1990.458      -0.4
  1990   7  1990.542       0.0
  1990   8  1990.625      -0.4
  1990   9  1990.708      -0.3
  1990  10  1990.792       0.5
  1990  11  1990.875      -0.6
  1990  12  1990.958      -0.4
  1991   1  1991.042       0.9
  1991   2  1991.125       0.5
  1991   3  1991.208      -0.6
  1991   4  1991.292      -1.3
  1991   5  1991.375      -1.6
  1991   6  1991.458      -0.7
  1991   7  1991.542      -0.5
  1991   8  1991.625      -0.5
  1991   9  1991.708      -1.3
  1991  10  1991.792      -1.0
  1991  11  1991.875      -0.6
  1991  12  1991.958      -2.0
  1992   1  1992.042      -2.3
  1992   2  1992.125      -0.6
  1992   3  1992.208      -2.0
  1992   4  1992.292      -1.5
  1992   5  1992.375      -0.4
  1992   6  1992.458      -1.5
  1992   7  1992.542      -0.9
  1992   8  1992.625       0.1
  1992   9  1992.708       0.1
  1992  10  1992.792      -1.4
  1992  11  1992.875      -0.7
  1992  12  1992.958      -0.8
  1993   1  1993.042      -0.8
  1993   2  1993.125      -0.7
  1993   3  1993.208      -0.2
  1993   4  1993.292      -1.6
  1993   5  1993.375      -0.8
  1993   6  1993.458      -1.4
  1993   7  1993.542      -1.4
  1993   8  1993.625      -0.9
  1993   9  1993.708      -0.3
  1993  10  1993.792      -0.9
  1993  11  1993.875      -0.1
  1993  12  1993.958      -0.0
  1994   1  1994.042       0.1
  1994   2  1994.125       0.5
  1994   3  1994.208      -0.6
  1994   4  1994.292      -1.9
  1994   5  1994.375      -1.3
  1994   6  1994.458      -1.2
  1994   7  1994.542      -1.9
  1994   8  1994.625      -1.3
  1994   9  1994.708      -1.3
  1994  10  1994.792      -1.0
  1994  11  1994.875      -0.5
  1994  12  1994.958      -1.2
  1995   1  1995.042      -0.1
  1995   2  1995.125       0.3
  1995   3  1995.208       0.6
  1995   4  1995.292      -1.4
  1995   5  1995.375      -1.1
  1995   6  1995.458      -0.4
  1995   7  1995.542      -0.1
  1995   8  1995.625       0.1
  1995   9  1995.708       0.5
  1995  10  1995.792       0.0
  1995  11  1995.875      -0.0
  1995  12  1995.958      -0.7
  1996   1  1996.042       1.2
  1996   2  1996.125       0.4
  1996   3  1996.208       1.1
  1996   4  1996.292       0.2
  1996   5  1996.375      -0.1
  1996   6  1996.458       0.6
  1996   7  1996.542       0.1
  1996   8  1996.625       0.4
  1996   9  1996.708       0.5
  1996  10  1996.792       0.6
  1996  11  1996.875      -0.3
  1996  12  1996.958       0.5
  1997   1  1997.042       1.0
  1997   2  1997.125       1.8
  1997   3  1997.208      -0.5
  1997   4  1997.292      -0.8
  1997   5  1997.375      -2.1
  1997   6  1997.458      -1.9
  1997   7  1997.542      -1.2
  1997   8  1997.625      -1.5
  1997   9  1997.708      -0.8
  1997  10  1997.792      -1.0
  1997  11  1997.875      -0.9
  1997  12  1997.958      -1.0
  1998   1  1998.042      -2.7
  1998   2  1998.125      -1.4
  1998   3  1998.208      -2.6
  1998   4  1998.292      -2.0
  1998   5  1998.375      -0.3
  1998   6  1998.458       0.3
  1998   7  1998.542       0.8
  1998   8  1998.625       1.0
  1998   9  1998.708       1.4
  1998  10  1998.792       1.2
  1998  11  1998.875       0.8
  1998  12  1998.958       1.2
  1999   1  1999.042       2.0
  1999   2  1999.125       1.2
  1999   3  1999.208       1.0
  1999   4  1999.292       0.8
  1999   5  1999.375      -0.2
  1999   6  1999.458      -0.3
  1999   7  1999.542       0.1
  1999   8  1999.625       0.4
  1999   9  1999.708       0.3
  1999  10  1999.792       1.2
  1999  11  1999.875       0.9
  1999  12  1999.958       1.4
  2000   1  2000.042       1.1
  2000   2  2000.125       2.2
  2000   3  2000.208       1.3
  2000   4  2000.292       0.6
  2000   5  2000.375      -0.2
  2000   6  2000.458      -0.7
  2000   7  2000.542      -0.8
  2000   8  2000.625       0.3
  2000   9  2000.708       1.3
  2000  10  2000.792       1.1
  2000  11  2000.875       1.6
  2000  12  2000.958       0.2
  2001   1  2001.042       1.6
  2001   2  2001.125       1.5
  2001   3  2001.208       0.9
  2001   4  2001.292      -0.4
  2001   5  2001.375      -1.1
  2001   6  2001.458      -0.4
  2001   7  2001.542      -0.7
  2001   8  2001.625      -0.8
  2001   9  2001.708       0.4
  2001  10  2001.792      -0.1
  2001  11  2001.875       0.6
  2001  12  2001.958      -1.1
  2002   1  2002.042       0.9
  2002   2  2002.125       1.4
  2002   3  2002.208      -0.2
  2002   4  2002.292      -0.6
  2002   5  2002.375      -1.5
  2002   6  2002.458      -0.9
  2002   7  2002.542      -0.8
  2002   8  2002.625      -1.3
  2002   9  2002.708      -0.3
  2002  10  2002.792      -0.4
  2002  11  2002.875      -0.4
  2002  12  2002.958      -1.1
  2003   1  2003.042       0.1
  2003   2  2003.125      -0.6
  2003   3  2003.208      -0.4
  2003   4  2003.292      -0.6
  2003   5  2003.375      -1.0
  2003   6  2003.458      -1.4
  2003   7  2003.542      -0.1
  2003   8  2003.625      -0.2
  2003   9  2003.708       0.1
  2003  10  2003.792       0.0
  2003  11  2003.875      -0.3
  2003  12  2003.958       0.9
  2004   1  2004.042      -1.1
  2004   2  2004.125       1.6
  2004   3  2004.208       0.1
  2004   4  2004.292      -1.4
  2004   5  2004.375       0.4
  2004   6  2004.458      -1.3
  2004   7  2004.542      -1.0
  2004   8  2004.625      -0.5
  2004   9  2004.708       0.1
  2004  10  2004.792       0.2
  2004  11  2004.875      -0.8
  2004  12  2004.958      -1.1
  2005   1  2005.042       0.6
  2005   2  2005.125      -3.0
  2005   3  2005.208       0.3
  2005   4  2005.292      -1.0
  2005   5  2005.375      -1.4
  2005   6  2005.458      -0.3
  2005   7  2005.542      -0.3
  2005   8  2005.625      -0.6
  2005   9  2005.708       0.7
  2005  10  2005.792       1.4
  2005  11  2005.875      -0.4
  2005  12  2005.958      -0.1
  2006   1  2006.042       1.8
  2006   2  2006.125       0.5
  2006   3  2006.208       1.6
  2006   4  2006.292       0.2
  2006   5  2006.375      -1.1
  2006   6  2006.458      -0.8
  2006   7  2006.542      -1.0
  2006   8  2006.625      -1.2
  2006   9  2006.708      -0.2
  2006  10  2006.792      -0.9
  2006  11  2006.875       0.2
  2006  12  2006.958      -0.2
  2007   1  2007.042      -0.7
  2007   2  2007.125       0.2
  2007   3  2007.208       0.0
  2007   4  2007.292      -0.5
  2007   5  2007.375      -0.7
  2007   6  2007.458      -0.3
  2007   7  2007.542      -0.7
  2007   8  2007.625       0.3
  2007   9  2007.708       0.3
  2007  10  2007.792       0.8
  2007  11  2007.875       0.6
  2007  12  2007.958       1.5
  2008   1  2008.042       2.0
  2008   2  2008.125       2.9
  2008   3  2008.208       1.7
  2008   4  2008.292       0.3
  2008   5  2008.375      -0.6
  2008   6  2008.458       0.1
  2008   7  2008.542      -0.2
  2008   8  2008.625       1.0
  2008   9  2008.708       1.6
  2008  10  2008.792       1.7
  2008  11  2008.875       1.3
  2008  12  2008.958       1.4
  2009   1  2009.042       1.4
  2009   2  2009.125       2.1
  2009   3  2009.208       0.5
  2009   4  2009.292       0.3
  2009   5  2009.375      -1.0
  2009   6  2009.458      -0.6
  2009   7  2009.542      -0.3
  2009   8  2009.625      -0.5
  2009   9  2009.708       0.5
  2009  10  2009.792      -1.1
  2009  11  2009.875      -0.8
  2009  12  2009.958      -0.9
  2010   1  2010.042      -1.2
  2010   2  2010.125      -1.3
  2010   3  2010.208      -0.7
  2010   4  2010.292       0.8
  2010   5  2010.375       0.1
  2010   6  2010.458      -0.1
  2010   7  2010.542       1.4
  2010   8  2010.625       1.7
  2010   9  2010.708       2.6
  2010  10  2010.792       1.9
  2010  11  2010.875       1.4
  2010  12  2010.958       2.7
  2011   1  2011.042       2.7
  2011   2  2011.125       3.1
  2011   3  2011.208       2.5
  2011   4  2011.292       1.5
  2011   5  2011.375      -0.1
  2011   6  2011.458      -0.2
  2011   7  2011.542       0.6
  2011   8  2011.625       0.3
  2011   9  2011.708       1.6
  2011  10  2011.792       0.9
  2011  11  2011.875       1.1
  2011  12  2011.958       2.2
  2012   1  2012.042       1.4
  2012   2  2012.125       0.9
  2012   3  2012.208       0.3
  2012   4  2012.292      -0.6
  2012   5  2012.375      -0.6
  2012   6  2012.458      -1.1
  2012   7  2012.542      -0.7
  2012   8  2012.625      -0.3
  2012   9  2012.708       0.5
  2012  10  2012.792       0.5
  2012  11  2012.875       0.3
  2012  12  2012.958      -0.8
  2013   1  2013.042      -0.0
  2013   2  2013.125       0.0
  2013   3  2013.208       1.5
  2013   4  2013.292      -0.3
  2013   5  2013.375       0.1
  2013   6  2013.458       0.4
  2013   7  2013.542       0.2
  2013   8  2013.625      -0.0
  2013   9  2013.708       0.5
  2013  10  2013.792       0.1
  2013  11  2013.875       0.5
  2013  12  2013.958       0.0
  2014   1  2014.042       1.6
  2014   2  2014.125       0.1
  2014   3  2014.208      -1.0
  2014   4  2014.292       0.2
  2014   5  2014.375       0.0
  2014   6  2014.458      -0.6
  2014   7  2014.542      -0.6
  2014   8  2014.625      -0.8
  2014   9  2014.708      -0.4
  2014  10  2014.792      -0.4
  2014  11  2014.875      -0.9
  2014  12  2014.958      -0.8
  2015   1  2015.042      -0.8
  2015   2  2015.125       0.8
  2015   3  2015.208      -0.8
  2015   4  2015.292      -0.4
  2015   5  2015.375      -1.1
  2015   6  2015.458      -1.2
  2015   7  2015.542      -1.5
  2015   8  2015.625      -1.6
  2015   9  2015.708      -1.3
  2015  10  2015.792      -1.2
  2015  11  2015.875      -0.5
  2015  12  2015.958      -0.9
  2016   1  2016.042      -1.5
  2016   2  2016.125      -1.7
  2016   3  2016.208       0.0
  2016   4  2016.292      -1.8
  2016   5  2016.375      -0.3
  2016   6  2016.458      -0.0
  2016   7  2016.542      -0.0
  2016   8  2016.625       0.4
  2016   9  2016.708       1.4
  2016  10  2016.792      -0.3
  2016  11  2016.875      -0.2
  2016  12  2016.958       0.1
  2017   1  2017.042       0.3
  2017   2  2017.125       0.2
  2017   3  2017.208       0.8
  2017   4  2017.292      -0.8
  2017   5  2017.375      -0.3
  2017   6  2017.458      -1.0
  2017   7  2017.542       0.4
  2017   8  2017.625       0.3
  2017   9  2017.708       1.0
  2017  10  2017.792       0.9
  2017  11  2017.875       0.7
  2017  12  2017.958      -0.3
  2018   1  2018.042       1.1
  2018   2  2018.125      -0.3
  2018   3  2018.208       1.1
  2018   4  2018.292      -0.0
  2018   5  2018.375      -0.0
  2018   6  2018.458      -0.6
  2018   7  2018.542      -0.4
  2018   8  2018.625      -0.7
  2018   9  2018.708      -0.8
  2018  10  2018.792       0.6
  2018  11  2018.875      -0.0
  2018  12  2018.958       0.8
  2019   1  2019.042       0.3
  2019   2  2019.125      -0.9
  2019   3  2019.208      -0.4
  2019   4  2019.292      -0.3
  2019   5  2019.375      -0.9
  2019   6  2019.458      -1.0
  2019   7  2019.542      -0.8
  2019   8  2019.625      -0.2
  2019   9  2019.708      -0.6
  2019  10  2019.792      -0.2
  2019  11  2019.875      -0.9
  2019  12  2019.958      -0.6
  2020   1  2020.042       0.6
  2020   2  2020.125       0.3
  2020   3  2020.208      -0.0
  2020   4  2020.292      -0.2
  2020   5  2020.375       0.1
  2020   6  2020.458      -1.1
  2020   7  2020.542      -0.1
  2020   8  2020.625       0.9
  2020   9  2020.708       1.2
  2020  10  2020.792       0.5
  2020  11  2020.875       0.8
  2020  12  2020.958       1.8
  2021   1  2021.042       2.3
  2021   2  2021.125       1.6
  2021   3  2021.208       0.3
  2021   4  2021.292      -0.2
  2021   5  2021.375      -0.1
  2021   6  2021.458      -0.1
  2021   7  2021.542       0.9
  2021   8  2021.625       0.5
  2021   9  2021.708       1.2
  2021  10  2021.792       0.7
  2021  11  2021.875       0.9
  2021  12  2021.958       1.4
  2022   1  2022.042       0.8
  2022   2  2022.125       1.6
  2022   3  2022.208       1.8
  2022   4  2022.292       1.2
  2022   5  2022.375       0.8
  2022   6  2022.458       1.1
  2022   7  2022.542       0.4
  2022   8  2022.625       0.7
  2022   9  2022.708       2.0
  2022  10  2022.792       1.8
  2022  11  2022.875       0.2
  2022  12  2022.958       2.0
  2023   1  2023.042       1.8
  2023   2  2023.125       1.5
  2023   3  2023.208       0.2
  2023   4  2023.292      -0.4
  2023   5  2023.375      -1.5
  2023   6  2023.458      -0.4
  2023   7  2023.542      -0.6
  2023   8  2023.625      -0.8
  2023   9  2023.708      -0.9
  2023  10  2023.792       0.0
  2023  11  2023.875      -0.7
  2023  12  2023.958      -0.3
